1 34 26 62 7 95 67 33 3 55 17 66 77 65 99 76 38 91 10 10 38 17 10 51 60 36 90 81 31 62 23 73 13 45 30 96 3 37 13 32 9 40 84 18 40 97 99 69 73 32 61 19 65 12 25 15 
27 22 31 60 24 14 24 83 92 24 22 7 70 53 26 44 47 43 22 91 79 49 93 50 72 60 45 63 12 49 99 14 58 16 24 56 38 3 15 31 47 15 95 62 52 34 
78 56 
82 7 59 42 96 74 29 76 24 25 59 5 98 60 37 78 99 59 95 1 35 53 33 78 58 82 26 1 75 65 71 100 90 46 37 8 20 92 43 98 23 72 24 14 86 30 75 100 39 99 38 
6 17 75 86 28 86 30 68 21 4 79 89 90 90 14 98 17 26 35 93 39 50 54 32 87 49 37 4 27 68 34 45 8 69 8 89 33 31 83 43 63 90 33 66 40 51 7 20 78 
20 84 11 58 60 35 47 86 84 87 97 55 65 97 88 86 39 23 40 88 36 95 97 27 36 14 83 20 10 99 89 18 29 9 87 13 23 5 96 6 21 36 
70 74 59 28 42 39 32 34 50 35 11 23 72 2 66 23 34 90 18 64 63 59 70 57 6 10 19 88 30 50 82 78 80 13 83 43 
63 14 8 20 67 44 61 52 47 94 48 68 2 75 52 87 14 55 42 9 39 73 29 68 40 39 40 31 72 9 73 30 15 59 22 99 92 8 41 30 70 91 9 13 4 89 56 56 57 32 47 40 73 47 71 81 95 86 52 87 26 85 63 45 4 27 
82 47 90 77 40 6 62 59 43 64 62 60 27 84 91 81 51 49 84 54 57 94 82 3 5 50 96 40 70 63 88 91 100 69 68 7 81 84 43 35 35 56 
1 34 33 33 7 90 44 83 39 57 72 97 16 9 22 20 7 88 23 27 45 81 40 84 10 25 35 15 82 32 44 4 100 76 85 52 80 70 60 67 2 27 55 62 89 77 12 14 63 24 76 85 3 51 13 80 70 62 16 79 11 24 23 31 45 10 4 19 27 84 68 100 12 32 7 5 55 86 63 48 80 75 
11 25 88 4 12 31 60 55 4 91 1 30 54 
45 78 51 2 44 8 74 75 42 58 95 100 49 30 18 71 77 92 26 61 82 16 35 15 18 91 67 44 35 48 14 29 35 20 39 79 87 27 33 80 79 72 94 21 16 27 77 19 90 69 23 50 69 41 78 6 93 89 33 49 55 55 94 53 56 78 38 8 42 10 76 53 15 6 20 26 87 30 93 83 84 66 43 11 29 20 
41 16 24 77 90 85 67 45 95 38 96 53 8 80 61 9 76 81 35 71 16 13 30 48 36 63 79 81 92 29 31 74 41 6 35 9 54 
99 87 71 35 86 51 53 2 63 58 13 71 90 35 10 87 9 7 29 6 32 47 35 57 43 50 19 75 71 27 66 77 13 5 18 10 38 71 99 
31 90 14 10 77 58 82 37 55 64 13 10 41 72 22 60 45 41 56 28 82 50 34 10 73 56 74 97 86 84 83 35 22 61 75 59 30 3 15 1 79 84 76 57 43 81 47 24 96 85 31 
96 55 36 47 2 14 18 19 43 
53 91 48 34 78 11 4 45 23 83 47 54 18 10 13 77 29 77 73 
72 5 1 84 23 76 82 45 38 71 75 56 62 65 44 100 98 95 54 96 60 40 29 66 5 89 75 89 32 26 81 45 25 62 8 78 86 47 5 6 14 11 56 99 63 43 98 84 14 33 44 8 78 56 49 59 83 84 98 90 46 35 87 15 20 2 100 36 3 91 10 62 44 99 65 3 64 2 24 83 49 72 93 27 84 46 74 
75 74 38 96 22 55 70 87 88 61 88 59 81 21 77 74 44 30 9 34 68 44 16 51 8 96 47 67 71 80 76 5 22 
9 62 90 18 25 60 26 20 12 69 91 73 20 89 39 97 31 46 75 19 34 63 61 19 1 
34 95 8 69 50 1 5 81 77 74 59 43 88 68 79 41 94 25 53 71 64 59 60 76 83 31 54 5 87 26 25 99 91 42 41 100 14 16 13 36 32 12 22 9 52 15 41 92 59 88 27 26 31 84 96 90 23 92 16 99 
47 76 9 3 3 50 48 85 6 96 33 44 67 89 30 81 4 65 26 12 20 83 72 78 80 99 53 11 37 46 77 4 83 87 41 86 82 41 42 65 55 5 7 55 74 14 86 64 30 6 19 99 75 8 20 9 67 50 21 44 13 22 32 10 11 40 16 55 55 12 
88 82 25 87 47 51 67 57 30 58 20 83 72 99 35 10 54 43 30 72 49 23 31 77 18 82 14 14 54 67 82 34 66 26 64 53 67 71 66 86 78 
97 75 22 48 1 60 37 19 92 5 48 92 50 65 4 17 59 27 66 100 91 21 71 78 85 
96 29 13 17 43 7 89 19 82 56 18 60 42 69 12 65 47 28 98 56 22 12 78 8 78 71 58 4 60 86 96 14 5 48 16 74 28 33 98 99 22 
68 23 86 96 85 88 98 45 83 56 52 77 29 77 78 15 73 16 5 67 23 22 32 39 98 63 72 7 72 12 48 17 30 5 82 65 45 15 85 76 40 98 34 77 56 
83 62 77 7 
35 27 14 57 87 70 83 15 27 6 66 74 66 70 79 25 33 41 7 12 97 3 95 37 24 67 54 11 78 17 38 5 7 63 7 17 38 77 31 75 25 59 27 4 5 31 10 65 13 98 96 32 45 5 16 94 69 21 25 98 4 38 43 36 10 11 92 36 77 94 40 79 13 25 13 82 83 79 82 90 71 82 78 8 8 78 62 41 9 6 10 92 66 75 64 30 37 26 32 77 
7 48 86 39 26 41 82 67 93 68 26 17 98 31 48 28 42 30 24 59 85 38 
52 6 67 26 23 2 36 69 35 36 31 26 88 77 11 78 17 39 28 28 32 88 53 68 35 10 1 7 93 50 28 24 10 41 60 56 24 53 50 59 46 100 8 80 96 67 28 41 
16 84 88 34 94 79 7 13 82 2 99 63 84 62 63 56 56 40 49 9 32 60 91 48 37 24 88 83 43 29 96 72 55 10 31 23 44 61 71 37 25 11 96 51 63 34 4 87 41 33 2 5 37 16 51 86 94 63 58 84 30 75 31 22 4 67 6 94 100 72 15 39 19 8 
34 53 7 94 6 91 78 10 20 61 33 83 35 87 82 70 64 36 95 100 50 99 14 78 46 73 50 16 50 67 67 98 74 54 25 82 47 35 56 43 85 84 79 19 73 13 17 97 1 76 69 22 30 19 22 40 45 90 79 98 32 79 31 72 59 7 23 30 71 16 51 55 100 90 38 21 5 66 68 40 82 73 15 61 
100 35 15 75 36 29 33 89 44 30 44 28 24 20 22 8 53 96 85 69 19 50 56 21 54 10 26 40 32 99 34 23 80 80 32 78 48 72 27 46 91 81 66 12 76 3 44 13 8 4 24 86 65 28 45 75 78 100 48 72 41 2 91 97 44 62 49 56 26 38 73 89 95 71 78 96 49 81 63 3 11 19 4 92 57 68 72 37 34 57 1 
14 15 17 32 58 49 94 76 39 16 54 31 70 1 40 52 24 95 83 30 19 72 72 36 52 33 48 37 76 46 71 88 85 6 84 77 91 17 64 38 71 16 100 66 79 9 37 82 99 83 76 54 92 26 5 58 17 64 27 76 20 44 9 60 16 13 97 67 6 42 2 51 19 99 70 30 59 31 48 89 34 53 37 66 14 26 58 66 76 2 
67 74 22 29 36 7 77 28 70 38 9 39 82 34 73 4 97 81 63 72 8 97 91 38 76 28 1 94 56 74 83 86 78 78 92 28 98 81 19 36 2 95 83 25 34 38 86 36 79 18 83 2 54 84 96 60 10 51 45 89 70 18 24 42 95 25 92 24 2 64 64 53 18 55 68 71 99 1 89 87 6 22 31 61 3 92 28 79 64 57 13 67 5 
4 82 47 73 3 85 17 
38 69 97 80 86 71 26 86 44 59 10 59 62 57 
79 98 
66 54 30 31 78 89 58 36 64 67 4 69 30 34 16 40 15 72 95 89 18 1 18 31 21 89 96 92 67 60 3 80 50 2 59 50 51 18 42 60 49 26 58 72 8 6 15 57 54 19 67 100 41 67 55 16 5 46 92 2 13 52 80 47 
5 47 5 82 91 57 58 13 48 83 22 46 13 56 96 49 18 60 35 28 3 88 4 
15 92 47 63 11 8 46 45 98 67 23 90 67 65 53 65 68 8 16 51 70 5 36 6 67 24 88 53 41 31 27 96 61 7 54 54 21 98 72 51 22 92 17 53 28 28 49 50 99 42 54 81 98 29 78 77 95 32 65 39 8 33 21 4 
27 69 35 90 49 1 74 19 10 60 14 73 28 86 51 9 38 9 98 78 46 71 54 82 30 3 31 35 88 49 70 48 32 94 81 65 21 26 53 84 15 70 100 28 56 15 98 17 37 51 17 69 3 27 64 3 57 67 56 54 20 27 98 7 67 90 61 41 25 47 83 51 80 32 59 
25 87 85 31 83 44 100 28 65 93 57 75 64 63 26 88 56 34 82 60 28 55 39 92 59 2 53 57 87 55 61 96 39 38 9 53 94 59 34 32 73 16 64 79 5 89 53 67 91 17 22 36 74 64 54 41 18 36 82 13 56 39 39 10 93 6 86 9 17 
31 73 17 48 42 66 40 21 48 48 70 89 1 50 75 66 89 39 6 42 45 86 4 48 64 38 76 19 2 22 44 71 25 18 69 
32 92 40 18 11 100 96 47 63 72 81 26 47 69 59 48 3 50 45 100 42 81 81 35 71 43 45 15 3 41 41 49 97 33 1 4 83 33 41 51 39 90 93 23 86 51 50 18 100 31 66 17 47 
58 32 50 4 89 66 6 10 18 61 58 38 12 98 10 18 96 70 68 32 
72 22 98 22 84 20 87 73 71 1 85 73 23 70 63 82 49 18 65 18 69 81 1 67 29 59 59 7 71 29 11 32 43 32 62 53 26 64 42 33 14 48 15 78 74 40 50 47 100 83 61 23 52 50 13 39 67 80 66 64 20 39 92 43 12 91 25 89 62 34 55 45 65 82 80 3 
43 8 47 22 73 14 18 88 4 28 6 68 38 54 55 16 73 73 75 9 43 65 20 61 70 70 51 89 69 57 75 39 1 48 31 57 60 24 
73 53 61 3 92 46 20 43 63 57 4 62 15 42 74 81 9 99 39 51 61 91 63 37 18 11 61 86 24 100 51 6 88 5 29 74 
52 90 97 7 18 65 72 82 38 3 44 25 33 89 96 13 49 67 26 53 13 57 5 18 72 85 